3.3894321334961353
0.7184420848972937
0.7057841809790761
0.6797085241788687
0.7226145959852445
0.6950975396731216
0.6884935216575017
0.6699979492369702
0.7152826551025362
0.6898471267489018
0.6785152358472921
0.6595799040169807
0.649006385922149
0.6775468116697944
0.6874466437293577
0.6892092487080256
0.6800503638651285
0.7013815157356538
0.6766225040701779
0.6649695515935802
0.659817588671792
0.7011427947158567
0.6716079146069115
0.6933210890784653
0.6658114931943363
0.6685692929736884
0.6752834256423325
0.6739531076906379
0.6684787084810597
0.6607887281378136
0.6541463845408699
0.6869369149770305
0.6426712762079411
0.6794945474839774
0.6702520112941255
0.6719963342100045
0.6650466419572021
0.6550384683942153
0.6647850192430481
0.6666678449890968
0.6758220214267184
0.6451282467953691
0.6091561849157727
0.6713466470501642
0.6929598092399281
0.6593824748937164
0.6484941714095741
0.6477742977815252
0.6470599442961472
0.6706577618186954
0.6544125573660589
0.6768358034147137
0.7065992164430329
0.6592817272112025
0.6942157655014352
0.6641623181011568
0.670745197861291
0.6565170657124858
0.6434068908894913
0.7054824706138991
0.6827131968688268
0.6745239257165118
0.7336725595422493
0.6768895926125506
0.6691228786103689
0.6500018474550704
0.6509871560838737
0.6690805777408828
0.6656618250632849
0.616606191761133
0.6573732905006138
0.6948643232923565
0.6545879847077105
0.6685445594194125
0.6994342268128194
0.6776704784679918
0.6571272423058839
0.6576840948679518
0.6611417876142833
0.662278574542946
0.6864484720889424
0.7029104154498801
0.6820721753568284
0.6611844991819429
0.6258646677360474
0.6962894824810711
0.6342235542610917
0.6293955087981488
0.6864953613810201
0.6473645468271895
0.682956781170898
0.6363774837884101
0.6627282654445769
0.6670968247466967
0.6792705408776932
0.6239279646046108
0.6704913275570625
0.639678513838582
0.6380161927825392
0.6575607625214538
0.6681643550173293
0.6415457841235847
0.6476808197921475
0.6317052156756942
0.6470148543054315
0.6134153513968544
0.6687538778797327
0.6969455371748698
0.6715756261010754
0.6561247139905471
0.6840624580549574
0.6348784953305943
0.6206923368951547
0.6365815993315492
0.6740991747747929
0.6599321385567285
0.6454967990067284
0.6658257881192413
0.6205317508283009
0.6414273718250009
0.6511706137596692
0.651745877731159
0.5974033811670127
0.6141972700567179
0.6503169610731235
0.6620585426106045
0.5996748312735679
0.5964877060674745
0.6886029749573394
0.5917769961915046
0.6773290679188066
0.6259300746984778
0.6725563312780309
0.6227268063991164
0.6839584806833746
0.6774516339493032
0.656323600534048
0.6840585185366747
0.6817070251600089
0.6450960182626727
0.6847782765527658
0.6506384643825527
0.7022538212525467
0.6883697355209193
0.6251080932260217
0.6624305485391705
0.6326431057036368
0.6221976201017081
0.6035316902835095
0.5997067126390306
0.6818046960344174
0.6009728511053622
0.6507918950137984
0.7010970127593343
0.5883573331760626
0.6607569565806025
0.6674244344514636
0.6565513651931477
0.6311033399779786
0.6294542602860599
0.6562573253229859
0.6716559966482482
0.6464149389265735
0.6794025517025599
0.6802764978915476
0.6575308107969658
0.659394261019199
0.6028467791055585
0.6050663307268865
0.6614022764540198
0.6362380647438216
0.6487897643871214
0.6222408546027183
0.629333853838854
0.5909885818833248
0.5943970222314937
0.6310570096815676
0.6475235657596304
0.641144895120654
0.6882148698671532
0.6628170660719479
0.6198475025698378
0.6715009460981954
0.6537249754690294
0.6609362783496335
0.6217815441703269
0.6396621496603813
0.5879992051024931
0.6791344909314017
0.5611280918190313
0.6510328767696748
0.621719153551812
0.5940945958299598
0.5947204642857384
0.6327403505593027
0.6141335809989064
0.5927848287332218
0.6172062440265941
0.583255477240476
0.6538810704749951
0.6192984704288395
0.6123826264934522
0.655971498622166
0.6791176322344302
0.6520454118644377
0.6263766652231598
0.6532081894873274
0.8139266997307611
0.7648229191699566
0.6649384650368028
0.6722569224459395
0.6119079100710215
0.6475154056850482
0.6831860632184596
0.6136101439775874
0.6254721787576504
0.5821333864850154
0.5758119069463522
0.6583766326796545
0.667613166577936
0.603084369446809
0.5813344738396793
0.5818816064214757
0.6577651323590521
0.6119273048198947
0.5944820172900941
0.632700651347958
0.6356557414456254
0.5759668969771247
0.6539597147091534
0.6341790367735125
0.6048947125565314
0.648549437763329
0.5324150304409065
0.5799625159653293
0.5652744791587371
0.565128746732166
0.57662770486345
0.667465582883048
0.6099858373894811
0.6255443504702004
0.5416712001200292
0.6884164577314522
0.6846123291007212
0.595357248833286
0.5994824630327887
0.6230329919971421
0.677945242703407
0.6445939723486436
0.5974489562895391
0.5742120424042012
0.622941668277967
0.6477605964257724
0.5960001979719922
0.6104688474938815
0.5798823994276211
0.6345220320190947
0.5452495311195159
0.7127573843476702
0.5803729982097316
0.628436388904065
0.5859788170933526
0.582265744811139
0.6202123115041087
0.5590762421483538
0.6518906537951489
0.5744948651997214
0.6412921841650036
0.6168310004159646
0.5617678740462023
0.6201616406979182
0.6422397729521933
0.577870955879279
0.6589567290955926
0.5867290396164893
0.5447972266579988
0.592905700125602
0.601166778697699
0.6295751623338509
0.6408556293047378
0.5999999572035327
0.5851216488152716
0.600541511069112
0.6593525931447989
0.6159749996250526
0.6376590835027174
0.572345121297607
0.5991545061266147
0.6146472158812517
0.5696816619313649
0.6663515628551664
0.5684451355314063
0.6325957863785703
0.6393302704827899
0.5449041279666278
0.6411364078591149
0.5564034231315834
0.6205384403634698
0.539220463044203
0.555269052737562
0.6675442506487329
0.5682113659728494
0.5787067060886558
0.6164626651109042
0.6173600789793106
0.6139917645571116
0.6085525056724909
0.6813227050880453
0.5692778350640849
0.592088073500518
0.585247223248183
0.5458104548591861
0.6151224022748693
0.637793939117973
0.5813726013476511
0.5985506444248886
0.5674744583014338
0.6517604324942083
0.5672745808824666
0.6151215031576764
0.6734148325403829
0.6251486525181477
0.5970278969773636
0.6422598203556181
0.566921933443065
0.6335793705310162
0.6196792581421069
0.5908427712691355
0.6396033496500063
0.5789534682335651
0.5695673571662894
0.592162231910021
0.5497599021201544
0.6543961414799447
0.6412487151767482
0.5890530818461397
0.5263695582642797
0.5813637414203083
0.6551683623411039
0.6372592820075635
0.5660849577127456
0.6119155164096118
0.5968182595110794
0.6086152282416182
0.5711323350346715
0.6171833792495223
0.5661279894664226
0.5882347295558245
0.661702057705709
0.6861738080147198
0.5665096196570005
0.5990205696109968
0.6190643736534142
0.6478866610411841
0.6327204431447795
0.5915995764705568
0.5770169395730883
0.6368284149170279
0.5894742312165868
0.6054411090602531
0.5375849971670447
0.590653749777538
0.5851586817230039
0.6486366685269787
0.5865254942922693
0.5234751707078751
0.5409814467113538
0.6505444452530061
0.6447977910933331
0.5142377090052653
0.6045098306826369
0.5604047205213096
0.6650436260224922
0.6020712434123342
0.6138148965069032
0.612500748809085
0.6393484224056967
0.6336593386546864
0.5801364077410787
0.4974960230683329
0.5692753131448007
0.6259944903069311
0.5974839798672457
0.5895039013579304
0.546359817668007
0.614781333772452
0.6596119616848268
0.5522800173859543
0.658275144376585
0.5991076993934861
0.5554332747440816
0.6378412341617655
0.49713436602030486
0.6103869369202233
0.6511809320360356
0.583808784344452
0.5067163260765877
0.6535495424468458
0.616557033128421
0.5684929273510888
0.6359014397494932
0.6355086397271724
0.6348211915720018
0.6340178009068508
0.5974618802381125
0.5733066532320917
0.595070342624902
0.5841627149502703
0.5305434323411863
0.6255880132066965
0.6039775230521147
0.5909463751677762
0.6158231226372726
0.6015849331613473
0.5620615486609688
0.5698284323875866
0.563835221158561
0.5845362760534482
0.5497026249845449
0.5609675430708552
0.6129571507757406
0.5765332230990063
0.5912415143806482
0.5348404224327985
0.5572350949935173
0.5814484445338725
0.5889387739706003
0.5733621857900707
0.5696453855682135
0.6020299973497643
0.5626572599236785
0.6412782994266335
0.4865854963280461
0.690338115956671
0.5921476463617728
0.6117794058646401
0.6148683473968972
0.5994464283757736
0.5409127658726834
0.599687687788738
0.6162056977000081
0.5892590632396135
0.602122115932465
0.5497130165044178
0.5670347555691774
0.639846709589093
0.5983481597892575
0.6452630333259682
0.5631536470848559
0.7200097604834627
0.6156305340397408
0.6319924313616857
0.583713048309318
0.5828649280777334
0.5762734192641747
0.5867519551930164
0.6090392707443361
0.6120799809993358
0.6204531843149601
0.6076634425639806
0.6003382436920499
0.6724321148579462
0.6142406935586543
0.5971468525934821
0.5982115957008601
0.5084040944181865
0.6373080481691591
0.547600695670493
0.5994220924788065
0.572416283779991
0.5962181570992088
0.5808617312028821
0.5699609352431315
0.6164314116507332
0.5108723210182645
0.7057463941016495
0.6353802309554553
0.6404847904831846
0.6509942180366752
0.64549199797857
0.5828214226286993
0.6078129662632545
0.5547526648280559
0.6548519818424228
0.6642097930976862
0.6288103569359699
0.6019204452640176
0.6181645356107691
0.6113691906665829
0.589843422697092
0.6971104562061045
0.596585390906396
0.6459659701157178
0.5406746898006604
0.6129618367959724
0.5083499398292544
0.5937673204556827
0.652623149495804
0.638604255534837
0.6219622348900596
0.5557565472144235
0.5801709011452157
0.5535478197464633
0.5873752003166043
0.5809299215753493
0.6089684529892433
0.5232962930874391
0.6107042996376586
0.610629202954146
0.5709215577797725
0.5939165298993411
0.5643637423935166
0.5840979395230971
0.5822387955423105
0.5710632745782867
0.5181042225888652
0.6336125546873788
0.5951064118431525
0.5295602213753338
0.5825021635205977
0.5828407280795517
0.5776418876247528
0.5211917554727655
0.6027399866419948
0.5814041440691371
0.528184524255313
0.5777475833252478
0.6090176207449391
0.5837083585489642
0.5858696708510744
0.5571694861671436
0.6977409378015412
0.5606565491500857
0.5664043196369084
0.5639807542598304
0.552219614157821
0.5531120136870314
0.5708016257103932
0.5830168639618722
0.6221646352687995
0.5754293721077782
0.5703022634792596
0.5915440978928512
0.5668531801356952
0.5926515859628426
0.5512015534014328
0.6146114804862772
0.5676375082239309
0.5602752285959604
0.5840797494928105
0.5759086129528962
0.551057695301453
0.5920827602857155
0.5455267169410708
0.5500141991076408
0.5916668561492682
0.56745656016104
0.5646492476643781
0.6088322175236359
0.5781606810139439
0.6024214544145533
0.5759945334780912
0.5203472557777077
0.5652683541330906
0.5476943605889071
0.5918487469818019
0.515270274515517
0.6446315629609637
0.5484701635047742
0.6327034757166193
0.5338525159595356
0.6180036210061486
0.6191663117825835
0.5305009924386814
0.6102856963426013
0.5299279675937807
0.5558221443614468
0.509420851981339
0.552092087029933
0.6888640117799819
0.5499961814611162
0.5466358973337416
0.5753711487689
0.5294008038217788
0.6571038564936696
0.5765718113821635
0.6215968703079751
0.586411067108535
0.6322677131012588
0.5862382571308995
0.48979789928778933
0.5323807112383484
0.6059785886870042
0.6118388857870608
0.5615881414403712
0.5768439245277108
0.5844859145685481
0.6262433621797368
0.587204903534101
0.5399658071648318
0.578218154817531
0.5487546925989235
0.5692502998194319
0.5642552592516679
0.542783205492093
0.5675343794007465
0.5971925362447437
0.5064368835804487
0.6070192347134497
0.5740244816393826
0.5965753319884292
0.6022021115748956
0.533458664669805
0.5957520491162616
0.6148979658057172
0.5943400800547151
0.5607671237989331
0.6227681333819334
0.5497264231831
0.5498077645348829
0.5836108268669558
0.5401964036591488
0.5960412810134391
0.5770411070113741
0.48467786782912464
0.5840761519136851
0.5082967161804085
0.5685066061271464
0.5371658932553908
0.5325959280086797
0.5580096690952905
0.6234045345469148
0.6258311205808154
0.6356575979359489
0.6075086786138844
0.5582858298013431
0.5891490732554292
0.5676123634874145
0.55673286136936
0.5451738372683052
0.5697635781109681
0.5731261824301638
0.5721455264817698
0.5512769355423847
0.6533344918509113
0.5925513149642124
0.5964992381490402
0.5967154409218469
0.5762435426695955
0.5718009502159128
0.5668436329415721
0.6029090770506688
0.6132477604407739
0.5726484584023877
0.51219459889827
0.5791356086179947
0.5410047046503468
0.5071737754869049
0.5297375490729205
0.5978011630404342
0.5619575775885448
0.5969904933143846
0.5372225736352679
0.5743251899521574
0.5915277101310698
0.5950700120097184
0.48846984958329004
0.4862039444498452
0.6382589993785119
0.6119985939761904
0.6093679737936821
0.6040696612106372
0.5960530816011895
0.5658117998757694
0.6058686370679716
0.6311598394938168
0.5359653719211928
0.5762747325517393
0.5186969752084477
0.5235116059581976
0.5639065447156141
0.567403163614334
0.6019249809158691
0.5442363691346901
0.5564879601063485
0.6137552718008086
0.6923437833287263
0.5626297929991836
0.5388055596146925
0.5588700245010084
0.5334123248123334
0.6400726419272743
0.6005224738232174
0.6164641025244998
0.5796999172101338
0.6980145554883244
0.5505477553203411
0.5496320725260272
0.5887555133714075
0.5989563145427667
0.5847393130477938
0.5522650492611295
0.5903669553134908
0.5875735367002116
0.5390605592926332
0.5462625684753104
0.6534392935409994
0.5726746040298343
0.6383671727592389
0.5828521210114098
0.5300748085901492
0.6255967841917507
0.5220443240503458
0.4929824469630897
0.6314663660138575
0.5103138020027568
0.6685798149827403
0.5364691939713133
0.564303708205405
0.5417951674929778
0.535838846823496
0.573783995614036
0.5899061830107523
0.583378067586949
0.575300000167658
0.5524331378736279
0.6099040177758771
0.53387312533709
0.5735222576124585
0.6045396721873992
0.5637233072786367
0.5932673533124425
0.5668079267477906
0.6007006241047721
0.5542039510958882
0.5840282682088153
0.504280324741455
0.6100811865771801
0.5763916985939967
0.5714508705877569
0.6368861205909413
0.5471887048589662
0.5784188525422062
0.5885366395486159
0.5640213504446443
0.5623382669910624
0.566465191658101
0.5320198389295314
0.5790206953101575
0.5939696117369317
0.5735743621572513
0.6163213945206574
0.5617247593020259
0.560131976305562
0.5233256460211033
0.5249717365181636
0.5857301451583519
0.5350391705284214
0.5920906517305468
0.518203389537052
0.5457821672186745
0.5612997902256476
0.5631343717866573
0.5536314733862886
0.5505585373578326
0.5681948046769165
0.5310709453483131
0.5288749987445975
0.5960757692818573
0.5977719138855931
0.5743557305787202
0.6317928450755896
0.5709410469386739
0.5230966230072748
0.5876109982749621
0.5502787499733889
0.49864711072307627
0.6476817213809752
0.6033648836536889
0.5657094788456868
0.5598476555177779
0.6206317528456322
0.5844683108556358
0.5743801529313167
0.5693432257596092
0.5833726215235122
0.5459159240492698
0.5454213638934161
0.5909901028806223
0.5003811606840914
0.5183875851277798
0.5655820380053577
0.5746409508586119
0.5237585657126622
0.5315833720382291
0.5713767981216125
0.5688409265271349
0.5224957549482727
0.5356889626484286
0.5327365213456554
0.6450191325891111
0.6016273308123593
0.5398271445190008
0.5437962209007638
0.5621509352988263
0.5668542767096933
0.6336379404266875
0.5172533719847925
0.5847488002903357
0.50206014208737
0.5566346839053494
0.5964086947808364
0.609611375958769
0.6193687616154597
0.5183261872135886
0.5404773986168768
0.5629736403129533
0.592875196022813
0.5447912471618429
0.5683517221330204
0.5505359327091301
0.6125703572988902
0.6495804399320324
0.5981732965736274
0.5353411073610357
0.5744684217644092
0.5777010216194622
0.5490754259233803
0.6024550476533159
0.5843421212471235
0.633048551031355
0.5208361926933004
0.575595533646402
0.6062066188363512
0.6080081389170694
0.5725151617005071
0.6822587330195544
0.4958558964523178
0.5860442232216517
0.6322898410123216
0.5482660224284917
0.5700821726600539
0.5364299115993095
0.5909820201345479
0.5753976462741793
0.5648181907744598
0.5793741879865991
0.5394856039926667
0.4875817747692146
0.5656133061721846
0.5522198295069578
0.5393989927932709
0.5421801148016653
0.6222477386501085
0.5814458040683771
0.5848897832362442
0.5359833357384991
0.6158536699300851
0.622016045786487
0.5852401497600309
0.5816310225894307
0.5318207796386113
0.5375839238733083
0.5348261316830083
0.6164225111925403
0.5400306300651608
0.6297995729252768
0.566229866772729
0.5599237812043508
0.4789230350101719
0.5965260273156652
0.5461016158296967
0.5947384415678288
0.5463762319433412
0.5447395366101567
0.6187893797931838
0.5574649571296437
0.5377355754993547
0.5983580840243647
0.5493963950612957
0.5607904646017237
0.5002478259976629
0.5566743609973331
0.5684231967346847
0.5913754074868914
0.583396301717659
0.5049084957983936
0.6520138588776393
0.6356742322175922
0.5789244431109083
0.48067443328750853
0.5714964762047595
0.5679970962724924
0.5358138517095409
0.5485081614878261
0.6005864688044873
0.5262428951985187
0.6468951035320825
0.5258672243278675
0.5104379825193199
0.5685818981186811
0.5049342198895711
0.5164205567307136
0.578512851662912
0.5873923532709244
0.579674623649789
0.5460541278841571
0.5671665811083413
0.5288466199611948
0.5179762725932875
0.5071312818919965
0.5142528335097097
0.5385990857098482
0.6090566277244269
0.5438056278880508
0.5271337175350453
0.5299550730808309
0.4612370210378527
0.5415838018184548
0.5253192739285841
0.5356883825086735
0.6131514373981389
0.6119885659242754
0.5226150020924747
0.598581303372084
0.5350656057329509
0.5997886386796524
0.587256048520565
0.5916167159750828
0.6181488067671269
0.5651338908737941
0.5578358536651276
0.583760315793029
0.6005050631828504
0.5642139653914814
0.5632435915900865
0.5310803616734565
0.5543938031862105
0.5143148279253982
0.5417428680059679
0.5199041417034261
0.6073204763544193
0.5516314461233488
0.576844372107374
0.5629698035136473
0.5356348005137341
0.4886513655596186
0.5202356490624149
0.4698453631011028
0.6247269738655141
0.5219822595386386
0.5772623710646985
0.6219176190790171
0.5022363957638855
0.5162348266857506
0.5886155306137266
0.5569723887568333
0.5253211302836717
0.5423056482580789
0.5562910808943624
0.5334991826967603
0.5509939795748467
0.5504177843381904
0.5791919493997735
0.638332082241888
0.5345106297454342
0.6080471976756094
0.6169337781752482
0.5811381357746797
0.5361180161866022
0.5515745816633764
0.5536002900179853
0.4590900700453285
0.5301564698640396
0.5206942249952408
0.5917088467449162
0.5321784863477316
0.5570675593027081
0.564071492316496
0.5670760333625727
0.5306858207517281
0.47701960240742997
0.511785198236047
0.5248073829285481
0.48800023569216383
0.5244808053324609
0.5585288216859567
0.5149099447003408
0.6149307944129732
0.5444252741393187
0.5564977825735674
0.5306292209350565
0.5789328249358645
0.5833749962001198
0.5839506585654846
0.5666663217131195
0.5130130281223814
0.5250219487333208
0.5837353218669253
0.5176721214930586
0.5568564851790863
0.5580325831402237
0.5600402784870917
0.5447808884848861
0.5462057334124178
0.6105145567128732
0.5918206597955853
0.5381968635562386
0.5951247976728417
0.519235450747696
0.5629388534592509
0.5385682019426418
0.5488900799600145
0.5335694049868408
0.5018820332773146
0.49429415213281247
0.6139384465277546
0.5362302390567213
0.5465236246071395
0.5978927533883628
0.5215231704593514
0.5336148231919784
0.5339506215617068
0.6373974244381706
0.5825880391485169
0.4915386777353652
0.5379783849423473
0.5618943563235833
0.5579261296400688
0.4819565979686035
0.5343604356944627
0.6638408531991139
0.5851039992511042
0.5969477222368311
0.4956087793538475
0.560132712053419
0.5603760476783696
0.5266954676943942
0.5481425905532212
0.553841878380705
0.5067926912317734
0.5325142895992245
0.5127220115705536
0.48056793817068355
0.4856946881916722
0.6127738986477584
0.4890716314892564
0.5616577256336323
0.5437619344240645
0.4993775233075672
0.5551171677501425
0.5714482657848192
0.6285151116881315
0.5415350578622798
0.601595478694067
0.5860609845206843
0.5893963313529622
0.5834260608491407
0.512786557182962
0.5192229459589266
0.6100926578332498
0.5175440875757452
0.6474182830285585
0.5660259386971525
0.5719489075055356
0.5492273618265834
0.49494286886239264
0.6073238971494319
0.4915046182063916
0.5168156970713828
0.5794916003730703
0.5712893207092234
0.5746969570673425
0.616607808931946
0.5259602348667385
0.509273832798597
0.5668912202740779
0.5585596674207889
0.5082246274565737
0.5357394192396244
0.60759653767059
0.5856857049028682
0.564483233000299
0.6762409526963247
0.5695951657136049
0.608861542153602
0.6148978545563452
0.5951157192938299
0.5254102610399788
0.5695106372948933
0.5551348494045356
0.5151697206040443
0.5924925014564388
0.5479511175891074
0.5061374110775015
0.5250915027659522
0.5824667255929957
0.5505386506346012
0.49710266237991446
0.4938297502729129
0.5791087187504662
0.5329757364955937
0.5934022886501469
0.4703085313932586
0.5595614115422604
0.5371615997345422
0.5558290300477344
0.4731422419293175
0.5146719083502621
0.5366925039412813
0.5987137689565512
0.620553419343672
0.5246137366325118
0.5742551272295652
0.5356384835980443
0.5800582837581404
0.5836535791262505
0.5348105603543314
0.567694505209176
0.5036970150428141
0.48482247180426735
0.5032144287349581
0.4605715459632922
0.5429077330301353
0.6066425615557938
0.5514494625953289
0.5953720585512791
0.5298127358455598
0.534739966948304
0.5613253498107708
0.5556061341966323
0.5480354332369083
0.5846049669902118
0.5042504040260191
0.4891234280711871
0.42434148533591853
0.505780463227058
0.6029609858908376
0.596451432755079
0.5625021994245231
0.5619046317128417
0.4743105371687166
0.47976643100578686
0.5748257754381345
0.6388165943331582
0.5536488221501145
0.5829778563957134
0.5650673940033584
0.5585394140873248
0.58280287348674
0.6044128451196922
0.5657016221026281
0.5258862860313946
0.5820456897040472
0.5390931940147842
0.6213682799151151
0.5523393183624447
0.5429206859530928
0.5225077515260523
0.48752384994182185
0.5014727103029143
0.6384451642055937
0.5542153208640989
0.5698964694011933
0.541962724080628
0.4880854502018287
0.5387479876837266
0.5578651864114503
0.5748978866428215
0.5121398402253812
0.5990107364590712
0.6222201452876714
0.49075617763225887
0.5302687639836509
0.5627665433755074
0.5823238183286427
0.49354018419392237
0.5169696808605331
0.45656428324422826
0.5414105182382227
0.6101626262077197
0.5265281009099562
0.4395392757978252
0.5383669820830203
0.6136257134304975
0.5124845791578124
0.6119123343522618
0.5264592103697967
0.5788694874346723
0.536582017667579
0.5810549092424943
0.5180980422997362
0.48065970273192193
0.5213315040056484
0.5988404560080458
0.5321133237936255
0.5296021990476649
0.6230832543153569
0.6251375711984715
0.5636932922250102
0.49502336575789796
0.4898060139558632
0.5564313619114519
0.5853573395163371
0.5172134915622287
0.5018253311088656
0.5259148274305859
0.5236765253311726
0.5349835065937968
0.6165417483402306
0.5517533310029122
0.4686728690240992
0.5318459921665879
0.5388926148006988
0.5013280291138272
0.5110574449803523
0.5252933994981477
0.5963377459191624
0.5899789198576374
0.4804012136118314
0.5481887195404651
0.5049477674335227
0.4520852400948857
0.5912898897782585
0.5204924993503593
0.44623856005761026
0.5919796154727869
0.546419189154925
0.5232497382298602
0.5190182556698713
0.5165793609559598
0.5491076644729641
0.5367389592893919
0.6325465540256588
0.48680343774190804
0.5341896820992605
0.5111147928651529
0.4887090775690989
0.5083966375252114
0.5236650327917673
0.6234972420588779
0.517177290541841
0.5387838182492903
0.6378805867697428
0.5073982258597529
0.481857124952199
0.6117570694999518
0.531645676654161
0.5617955450761957
0.5585478712500984
0.49974917581263534
0.47961856702753886
0.5914693411255356
0.5395128165475102
0.5271540179521841
0.5086773294781287
0.5565209655863445
0.5376882734061009
0.5420179417786796
0.4864476905353809
0.494048363153114
0.5675288906966002
0.5967726492140032
0.5566311517909174
0.5500149876410837
0.4990862902876727
0.4741813467388742
0.6547651114176076
0.5506703266743395
0.6180041236867674
0.5206746121668226
0.5434233216328137
0.49898190855534647
0.5417230718530449
0.48882281480197415
0.5004981331426528
0.530888945113608
0.5335006906718616
0.5445695765962844
0.5659189020974423
0.5536750067486528
0.5212388660016881
0.5493661946738779
0.5318743099401365
0.4946727369613472
0.5993060444997933
0.5256119144251591
0.5181356640340232
0.4426476324539214
0.5339673657833697
0.5538916191769993
0.5566434700693059
0.5770362061346224
0.585424022810327
0.5247064304869177
0.503556539018939
0.453358209075269
0.6029179995078788
0.5073833840520054
0.48385553742486875
0.5456022293601943
0.5410255565283347
0.5058474434250748
0.6323896636234556
0.501933380768632
0.5328447775474023
0.46339222314291795
0.5279695057318328
0.4473036743205346
0.6529847690708919
0.5281500934395933
0.5216655178136154
0.5235540170373902
0.5316738611095438
0.5181677017927929
0.5956359593479643
0.5881656534803913
0.5724887541375125
0.5171094064361786
0.5381051058496996
0.5505613054561104
0.4217543144572469
0.5379909732846727
0.5987463612416252
0.5408317833769466
0.48262665192410165
0.5154493077392298
0.5174405018935656
0.5058259839015481
0.5484552565607553
0.5556045120884964
0.5417735937035486
0.47794270812196477
0.5227991313110879
0.5672473772761297
0.530248660372327
0.5036005285316462
0.5601714804405213
0.5411623082775715
0.558199745827554
0.5655947589299245
0.5670212006056722
0.5127304538710059
0.5377640162971428
0.46123837403505635
0.5337978824243033
0.5129308287010783
0.4770299926097934
0.5995940791518094
0.5026488331764337
0.5010913330673007
0.5349662135499745
0.5484508382593299
0.6599552363927725
0.5996492175913533
0.5227904600350746
0.5622588182443442
0.542048904652188
0.494109688347062
0.4981577694132277
0.4447110529697383
0.5295049821457652
0.46151269622366914
0.5696789065719601
0.5424122598557417
0.5424041627028631
0.49439880636247663
0.4959262870918075
0.5258192830440371
0.7375379652712443
0.5167244744338497
0.5346318108467721
0.577700225934987
0.5591559881645111
0.5988410059647086
0.528020531050607
0.4972959532343964
0.5465417503371194
0.5264774392918202
0.5325854498348792
0.48331472944684406
0.4581280651712686
0.5614314772630675
0.5377933719580941
0.565035592689475
0.49392493875030713
0.5869385048437836
0.4848229639934881
0.5732480256151311
0.45331881362960447
0.5998750845103501
0.484126905829001
0.5692899998319078
0.5465101564686159
0.5849396879553963
0.5601934129373979
0.5125392568169012
0.4965069296066499
0.5539147452448426
0.5854126688363331
0.5413465885598487
0.5495134573678463
0.5595245982250662
0.47825287584683096
0.568546574777835
0.6047183868457845
0.47537883784115487
0.5716163182254894
0.5043621853337011
0.49340458908258455
0.5000285324626657
0.48021350026891374
0.5273831964558974
0.5109092352835107
0.5450850864449756
0.5127081729961152
0.48997307506896703
0.5291410753389699
0.5423751316929676
0.5350059514350078
0.5967501694506158
0.5476662802260218
0.4410913475845989
0.4879736206294485
0.5832631183498931
0.5041449824186996
0.5210890357321051
0.6022062024352806
0.5474414013734911
0.47761566181211385
0.5886926918329899
0.5359910869386645
0.4829252345581793
0.4510707686052871
0.5647985743195505
0.4511110333618409
0.5415538739740561
0.5707135577077239
0.5278803907974409
0.5407542706925889
0.5708319871145521
0.5127877949820099
0.6256296099503572
0.460501097790153
0.5356300042089124
0.5348555989841711
0.5271448285240343
0.6112880980272722
0.46227047493438717
0.559506758128728
0.5456499783963601
0.5075315638387893
0.4891502198741576
0.538568445202598
0.5150434220764055
0.559028241120667
0.5370972446674448
0.4718576538666991
0.4770893785356524
0.6433745566046545
0.7229988929462645
0.6210432678700681
0.5628504674421262
0.5244866028605814
0.5042162542623714
0.47483482982942216
0.5567970837178534
0.5689276221247176
0.51216032357223
0.5058686170626495
0.43913157002983505
0.4719295272227646
0.6750527800928249
0.5307350464530319
0.527705526782298
0.5396512780737103
0.42947104268645964
0.5122662055609172
0.5124198964112054
0.5180440841847713
0.528493545215597
0.6245427223827628
0.5346584181126448
0.5536633701848037
0.4657415039297522
0.5754336178701578
0.5520041358695542
0.6585734671814664
0.5004168318477555
0.5155668934753352
0.5955931406733648
0.4686123613457916
0.49981034337403246
0.48372914747758855
0.48995272062215595
0.5618171168946116
0.5681944188471962
0.5263350897006995
0.4800580687983341
0.5236090364843645
