0.6596290072734705
0.6382890598210332
0.6262052296766618
0.6190122607576877
0.6002385291323591
0.5942977531551764
0.5767822359323241
0.5752921066732437
0.5616846820276403
0.552603767499239
0.5297429518616265
0.5150055712214969
0.5052893466272931
0.48780404264059174
0.48764780054339263
0.4686191697237502
0.47280528537888233
0.4708261193686537
0.45674390448730146
0.449851181049673
0.43995875160927994
0.43127062107688807
0.440953121019914
0.40526639107538825
0.3986430164762847
0.4062373402235027
0.42146069847049283
0.3944772373112688
0.36851797606295
0.3857046595290955
0.3788658860784594
0.39594115421552983
0.38033162492079875
0.37385528581376787
0.35687293467925996
0.3939389643067774
0.3377330725810939
0.35031149628037944
0.321845705947501
0.37852474091860533
0.3274600821612909
0.36373599223868214
0.3527096985433856
0.35678060607225476
0.32051572500065145
0.31582823677174665
0.36200584747798253
0.3179196372656354
0.3177226321441585
0.3153203749974082
0.30406596144566866
0.35012056022249494
0.34052806539022556
0.2989113274302606
0.3196077839665927
0.32266294704670945
0.3222553611351984
0.34344822886449433
0.3685079333716188
0.3554131460473788
0.30121361681815395
0.3528338728275392
0.32288390483152235
0.2706627885388611
0.3412692831129419
0.3430111977003054
0.3058846539534735
0.3217488971914643
0.3290621462039932
0.3036508061424058
0.3591390687155986
0.2956731214254877
0.35490841701692594
0.32454482572073906
0.33487745252486145
0.29823504346277674
0.3280611741193797
0.31588109381876683
0.32085391345281017
0.3426859954532001
0.31102262417809645
0.30328150099833684
0.297483751118291
0.351369593867613
0.28901813003488597
0.352652337808929
0.3271889721752584
0.31256751586860093
0.32822527639320637
0.27952970624263435
0.3188336050616376
0.3514457831792026
0.29585885693455916
0.28707212838750457
0.31238206505784627
0.305405730345572
0.3395729862870351
0.31362234130887845
0.346580516138412
0.2516127836333692
0.3135857011733347
0.2805232252565405
0.3187073992426513
0.30981457806094825
0.22489808291712632
0.3297346714625186
0.33575311704647615
0.30527222153165445
0.2854457887207519
0.2771498321416904
0.24634611824843833
0.28547160528120125
0.30600405185690976
0.3064293081860306
0.2910476105434537
0.2696770100653012
0.3003022937518151
0.3621047480776715
0.29970298377496374
0.27878798520400133
0.23800210041556769
0.2925124581019929
0.2658037854451574
0.27471296878757784
0.2969252124998633
0.3329729808568881
0.3267770060026008
0.2633468928016021
0.26041291537799516
0.3377617902829029
0.2456001108167227
0.2701936948774851
0.33993164404283055
0.2567311523226274
0.27974687929924713
0.27421543051147773
0.25670981368971274
0.2580894199674258
0.32864213892134125
0.3172663939008971
0.2789253162342967
0.32344513308597256
0.33082215056003056
0.2774736051915188
0.3134750572632628
0.3388328286741032
0.3422810581030677
0.24618507197828868
0.27174259097756176
0.3072121394694948
0.3286431003229946
0.2875965774107704
0.283358484761178
0.28932342239921993
0.30597354645202113
0.26843115223461417
0.2909137175218165
0.3137523568037294
0.315752134191581
0.3464142378766162
0.31747028352761447
0.314386602008893
0.33938111697372075
0.3262190973532578
0.3051590041621433
0.297844240706169
0.31221879959021637
0.3062955726778492
0.3175060180780325
0.2828556808788423
0.25643977432411996
0.319577311743224
0.37046013112010473
0.3069941448252951
0.27456011374012346
0.301178527074377
0.2886438575643402
0.28422408263435994
0.23583365189139865
0.255497022596865
0.33949555096140077
0.23820497683280692
0.27019988624412067
0.3425947887687525
0.3028590194911724
0.26657370775406736
0.2738990921013107
0.29350747046995923
0.2817726239883838
0.24832311863939327
0.25388822024855695
0.24544654479885905
0.321673709858655
0.25117252166034093
0.305142616799188
0.23468828523672067
0.3021943947539479
0.2531576895408453
0.2960935171098578
0.2463493542070862
0.30320285098587596
0.2929942320890164
0.36330060089455996
0.2832621451354373
0.2639995013205249
0.3674218267980525
0.26957160956403414
0.29211255621547894
0.2531345251197349
0.31638312631614973
0.19416125104455123
0.30321645415742643
0.2866571557381752
0.27644807934698234
0.24851260729514948
0.3140243352910097
0.33122623601788653
0.2997921411703555
0.27013311837099807
0.3214614969318579
0.34389822294838773
0.3208925780111651
0.352317566181815
0.2999576044662657
0.28880745196003366
0.333571260189926
0.2994998646274767
0.34840533568486864
0.2948643750777567
0.32887482325465917
0.2831696606117547
0.3003518510215413
0.22325664791014352
0.24525784650093754
0.2649371634205965
0.26198238214733754
0.28662791725590386
0.2737079135558293
0.20859686456663107
0.24143207864099867
0.3281996378220041
0.3184717363316241
0.30863397234541706
0.2824620046150157
0.31898244187331476
0.3434047793787162
0.3171388538158916
0.276452194352017
0.32661880472327615
0.23312872269740859
0.2601710605486889
0.27450245940752105
0.2774189393607981
0.26615108901193013
0.2686121413088752
0.27718479935752244
0.30628282320934425
0.31116974808399567
0.28863738084347934
0.29920055250596533
0.2730842246828758
0.3223536843943877
0.284333830830378
0.23077875043566445
0.2977909418964365
0.2939151328565196
0.3640783371813089
0.31478758621894326
0.26455271870106484
0.26373628308421876
0.2733733084500733
0.30509109120642486
0.31916798790346196
0.29438190297549854
0.2549449337350623
0.2956314827694259
0.2896078419663247
0.31473830391914004
0.31388165000309143
0.22381928972282084
0.24963726088056878
0.3087278261998354
0.289493277158345
0.27509475813284234
0.27711952810835755
0.28162861402395845
0.2359602362237943
0.23981992429781215
0.23756757807949117
0.24894281997427842
0.30694018107388876
0.24148142595365257
0.3241468729516329
0.32917158561579823
0.29294723856941124
0.2891007374475993
0.308599427757599
0.225101932847469
0.3212661311971327
0.3136869619783383
0.24132363884883123
0.3046285259570759
0.3139479947895428
0.28942910957112655
0.311560809448826
0.27902554612750147
0.3216174945637214
0.2649048046454657
0.3294286937874019
0.3026936910622649
0.3065802219410841
0.2479018777209632
0.3394709287638679
0.2499713033215955
0.28163029443908305
0.29762451406007057
0.3300183504286875
0.290714546425596
0.3218910340843367
0.2636907174785952
0.2789771543573183
0.27885526172312447
0.3149335852473209
0.33886250774578136
0.31005911480637666
0.3148679114946353
0.29882654220353083
0.3096144135504323
0.21744781600080137
0.2965790712229732
0.2531026572903673
0.26420473791943083
0.320199110037192
0.3233685229598633
0.2690840430064609
0.21749349352486935
0.23948104581852683
0.28569263227737346
0.2889475082717547
0.22045447426336826
0.29243758933429337
0.27501962607760294
0.3007718446940931
0.30738387057706235
0.3235641541668473
0.28771715416245763
0.2798198636161879
0.2589469216043261
0.3084394494472399
0.36090350975445745
0.32886129314316187
0.2623349353169628
0.3125795498387436
0.31572579476286106
0.25532960553587514
0.28240371631385014
0.2857305804356331
0.2866616928007375
0.23138735441107444
0.25502794778662685
0.29539850946662577
0.28932216163299446
0.2749848154357647
0.3149775507419399
0.2718975940805135
0.3105912410849424
0.2933947994214263
0.2498736999152958
0.26895267614158797
0.28007577937419176
0.2898000785155827
0.3107801270758512
0.2804742825714203
0.32217038697678035
0.23637097036061946
0.2671652930990294
0.3154883478056212
0.25186298061204265
0.30553503224008194
0.3144405657460658
0.2559680595864975
0.2975864875582466
0.24623096537972594
0.3609002121433954
0.3147859982938651
0.3202683823323079
0.29384784254829505
0.24838918670692858
0.34843100374889535
0.2680013937661593
0.2969559299668038
0.28329607366427956
0.2707367226133416
0.24720541265618384
0.2814356838981525
0.2700340591609764
0.3599753804639243
0.28837270096546386
0.2542083056046659
0.3092274211159221
0.27030309361286015
0.2821540841204244
0.25354625039526607
0.331666210694002
0.24319737586252774
0.2943583891147279
0.3122300852990995
0.26300363891978096
0.27220526423815555
0.31267874671376444
0.2004131358585452
0.2661133293933781
0.28563461417494546
0.2828438564863978
0.24974068176676062
0.2679082655351023
0.19786570959340055
0.3082794135702451
0.27768369476310817
0.26543486281955725
0.2800865259513914
0.25832717826300966
0.37339669013302684
0.25244057627410504
0.29610341776038446
0.32435561971965254
0.20941006568401926
0.28371689824152263
0.2552816913762528
0.3445314160473706
0.23887171746397315
0.3122885269214604
0.22958145557365245
0.29975476316571636
0.29216214492575865
0.22454217226067236
0.3320106790174171
0.23112591469497906
0.24036726918927384
0.2722434241681332
0.3155489491754195
0.33246725261799914
0.26146240066249027
0.25533281999225543
0.2829254048914111
0.32646325474985693
0.3167897086791144
0.24645340269576657
0.25782912859215096
0.2592103957483008
0.2950510972031129
0.29683832844474006
0.2017650234050235
0.3248325603592335
0.36717736753736424
0.2647692287384
0.31780805208996976
0.3135206108717805
0.23469883780091153
0.2927314810883187
0.28712783344098664
0.3062398844990023
0.34555380558354154
0.302417449588933
0.3116958682648792
0.30317601488758583
0.3151066418189751
0.3460625133223232
0.2725609673489277
0.2291344973304899
0.2443540922647929
0.3091343570310469
0.21996420568819236
0.2693765998922474
0.2127959444275709
0.36504246116201444
0.26843579732425005
0.3134454549738543
0.33031486795005105
0.26220731667257974
0.3001911905144098
0.3294320505043901
0.22031125436851828
0.2223278592959279
0.28696778616499424
0.3054260529346783
0.3183368455905011
0.2885634918421421
0.27943786485233896
0.2811076302429805
0.3036936310807693
0.2693395540739362
0.21654178167276666
0.2913872015678373
0.2094673656038796
0.2987844297448789
0.26662097467436846
0.2357623523827229
0.2355105592379989
0.28389514622482426
