1.4594110291821356
1.1127203705052884
0.8210573193311743
0.7863218712191238
0.6067078686643488
0.5868653113778124
0.7764654380389585
0.9786813383217072
0.5759820553720745
0.6008416256526274
0.3539158006016426
0.41387330520010934
0.49175423619419056
0.5315851030472777
0.4979785504934723
0.49330884017998045
0.4504882813946196
0.3677752410645426
0.5057637685861774
0.43997043063162744
0.47132194127165955
0.3500987449428
0.4166497247065569
0.4297151757172978
0.25283084691142754
0.3401071340171014
0.39727727816816694
0.273205461826375
0.3050155952536652
0.2729260078151511
0.2872575982461886
0.5001933501204932
0.22451975048780928
0.22805306906762107
0.45609463654321925
0.42371661837629854
0.3414829849380418
0.31311641946265584
0.25020742582484257
0.28000164964819857
0.19672523613828985
0.20463223624347818
0.40185208339923306
0.27951941858295953
0.2958533481474158
0.2773750604296542
0.3264742716641515
0.21174471469658163
0.2589509814752379
0.16654196445982378
0.26959912403438735
0.27743685469954915
0.287695774421681
0.28352507981873315
0.22631841776742712
0.21951310937375731
0.3698490819660324
0.1258179456415018
0.09660533219982763
0.24670305018869504
0.2577589420838332
0.2609799075460523
0.15674503499807618
0.32908647701115357
0.19722364690811234
0.13995965413155925
0.2035718609497607
0.28099500237433317
0.20237334932581855
0.15385685599677265
0.28018085310282953
0.20548725700920872
0.2535985327530009
0.23995748742490627
0.17673089937340136
0.15932047065574076
0.18333574515076623
0.1346630830205153
0.17604100195742933
0.24791453631147373
0.14817404542354207
0.23018795429399225
0.14276640763429072
0.1861822315502309
0.1921269707659215
0.18456424836596694
0.19222406113297516
0.1830127233863986
0.1808195265043523
0.20823308031288973
0.14957358049333322
0.17576387114825
0.21693320519435985
0.10946915405398912
0.1285147636188833
0.09852572762168539
0.1895929977412397
0.2279913689394999
0.10668214447861912
0.16598169525012327
0.1533991789551355
0.14176401544044082
0.029825074859256416
0.2141401974477763
0.13135303196839904
0.18252365468036838
0.19707128271038968
0.11573288876742127
0.102838994411416
0.19368030271683398
0.10671727846797621
0.16121694721558133
0.20495013697016837
0.12732392297663772
0.14718988411658468
0.13016138208430825
0.15838753632172958
0.15441909242078303
0.18010540537123748
0.10493674494523356
0.14080197277041026
0.0868931947583651
0.09588249001151276
0.1436180494811396
0.04967227182930845
0.15113244533969067
0.100956422565628
0.18072695772807293
0.12450660710803656
0.10035120922615519
0.155671798978131
0.18016289529165003
0.094056818928913
0.16140527808092017
0.12443785755899417
0.10801299930035982
0.1676828586045117
0.09199256187708119
0.05964069670384977
0.13634371420437702
0.14642524683602995
0.08034009623328366
0.15940382651660262
0.0939775213991079
0.13066835928651413
0.1487245016524225
0.0845507803529764
0.16327190325615393
0.08797068543767969
0.12682567265590342
0.14305821331540627
0.11714762567528811
0.10096976018839414
0.09771543216578063
0.09918252147913013
0.10304060744384128
0.07731396636796814
0.10989878996791125
0.09320613236309461
0.13233095962582692
0.061494093036692024
0.17980500711923747
0.07060934724677267
0.11245314389544844
0.10836074571624443
0.05050970847825774
0.08673526617121827
0.07815480432537442
0.11120633537011378
0.10618999489897248
0.10888643300067324
0.07305399948414115
0.130547693309879
0.06046202530093512
0.11421347897784555
0.12785585022986606
0.12774560460106316
0.0801422555074899
0.10613456785580588
0.08841768777713606
0.09569244597318428
0.061649488490655935
0.11421349974740438
0.06545702984977586
0.07913120201367699
0.056998766659797064
0.08820738100500966
0.08929929645177304
0.09726754618480488
0.06528570657849617
0.08600528531340093
0.10753948954803864
0.08112115097571207
0.09406878189694785
0.10823229622109531
0.08308160508535685
0.09471841573347917
0.06289498093146564
0.04824063186581366
0.10258369394790404
