0.8990572185015656
0.8594242250887101
0.815497488905637
0.7899737953824055
0.7519868316769526
0.7249833491891366
0.66806850280371
0.6375623164174957
0.6142975949434396
0.5887673563150309
0.5900073280076
0.5304300485388557
0.5595355563960991
0.5351620198176096
0.4878468085141419
0.4927881419788066
0.48317451390968263
0.47169849986544893
0.4679486244909814
0.46640211890642824
0.47993759647278406
0.4525275564648106
0.44462799016842197
0.4147915567588294
0.38736300389881795
0.44445012251462124
0.3975592874478156
0.3954633503299976
0.4145405443251563
0.3875507038547747
0.42966960453337966
0.35849729555764553
0.3747601740637583
0.38455261478248526
0.3860352096140163
0.40039639236372554
0.41445348171268165
0.3788202076822182
0.3596872943064543
0.38177096508486724
0.3480700161995144
0.30991608479111243
0.38418744715253905
0.35520222690970293
0.3920698882119723
0.3453784987497351
0.366692814028749
0.3797949736190144
0.37829133442166196
0.328627113011002
0.369476884707295
0.37055361351259525
0.37651519360784547
0.35697944814894095
0.3627223540571856
0.3622843283277957
0.381677708499923
0.3245443245259909
0.3964519013880706
0.3676796515662693
0.3738892709478847
0.37543402265299647
0.3469540470105959
0.345135848180445
0.36326597385988957
0.33021612283781165
0.3025316878036978
0.3175572750447319
0.3303839448240444
0.3435439159377894
0.36168919358167023
0.34154733208526666
0.36034652420099883
0.3579807951104608
0.4021702350272549
0.3179802017598985
0.34760880684312573
0.3367661587945029
0.3518750505193593
0.3790875314049832
0.34213831977015924
0.36704151315597194
0.38301048235934954
0.392246756335149
0.36429249424425697
0.44038096976384034
0.3958663900923546
0.39348566519823336
0.41409966162926415
0.35094066823251724
0.4022480920599265
0.3609416725893941
0.3597713438232284
0.36417344549874414
0.36326194368997083
0.3633500703013213
0.37797913152960283
0.3896500657962196
0.34880929761833723
0.37312624369378855
